start=6882.981991
speed=1.771561
fullscreen=yes
