start=1303.469000
pause=yes
volume=106.000000
fullscreen=yes
sid=1
