start=148.000000
speed=2.143589
pause=yes
