start=6066.875000
speed=1.464100
fullscreen=yes
